1.535670715621251475e+04
4.416146700856043026e+02
1.081852368226244181e+02
2.418574507654052042e+01
3.024996417592393794e+00
1.213598845149125305e+00
3.964409117351220813e-01
1.048573070187291678e-01
4.572471458126489002e-02
1.269184458972585222e-02
4.319163333516720313e-03
3.273432184483616482e-03
1.545902737787822629e-03
6.791972664339837986e-04
4.804021415543575902e-04
2.565317263328660861e-04
1.297781510295843905e-04
1.023404066681344151e-04
9.616379513998710442e-05
8.944137919182262159e-05
8.204903624552562381e-05
7.760450127998668802e-05
7.211997615875055754e-05
6.756947160380104452e-05
6.120845698944736969e-05
5.852394833344394732e-05
5.456872809577934972e-05
4.718450973549048516e-05
4.347907501682751578e-05
3.962412200144080896e-05
3.732992091165161140e-05
3.435409789082018205e-05
2.453550552596125238e-05
1.950860022724890567e-05
1.377110799027617142e-05
1.286311941467407056e-05
1.097800866258758680e-05
1.078189672700962202e-05
1.429460204346473204e-06
1.027745897972054660e-06
9.228943045532391159e-07
5.216979705378575184e-07
4.943086482165238589e-07
1.568853391921821974e-07
2.106452717579209469e-08
1.160906426699837830e-10
6.829770750036684245e-12
1.523301164042700169e-12
1.523301164042700169e-12
1.523301164042700169e-12
1.523301164042700169e-12
1.523301164042700169e-12
1.523301164042700169e-12
1.523301164042700169e-12
1.523301164042700169e-12
1.523301164042700169e-12
1.523301164042700169e-12
1.523301164042700169e-12
1.523301164042700169e-12
1.523301164042700169e-12
1.523301164042700169e-12
1.523301164042700169e-12
1.523301164042700169e-12
1.523301164042700169e-12
1.523301164042700169e-12
1.523301164042700169e-12
1.523301164042700169e-12
1.523301164042700169e-12
1.523301164042700169e-12
1.523301164042700169e-12
1.523301164042700169e-12
1.523301164042700169e-12
1.523301164042700169e-12
1.523301164042700169e-12
1.523301164042700169e-12
1.523301164042700169e-12
1.523301164042700169e-12
1.523301164042700169e-12
1.523301164042700169e-12
1.523301164042700169e-12
1.523301164042700169e-12
1.523301164042700169e-12
1.523301164042700169e-12
1.523301164042700169e-12
1.523301164042700169e-12
1.523301164042700169e-12
1.523301164042700169e-12
1.523301164042700169e-12
1.523301164042700169e-12
1.523301164042700169e-12
1.523301164042700169e-12
1.523301164042700169e-12
1.523301164042700169e-12
1.523301164042700169e-12
1.523301164042700169e-12
1.523301164042700169e-12
1.523301164042700169e-12
1.523301164042700169e-12
1.523301164042700169e-12
1.523301164042700169e-12
