1.752564496629198038e+04
9.859470556032365494e+02
5.310264727793086337e+01
2.259229427769197684e+01
9.014359887037176833e+00
1.471706661999460097e+00
5.729354317970575261e-01
1.984036311683464171e-01
6.748748113777697233e-02
3.293672953294841249e-02
1.140038556070773097e-02
4.252034891256192134e-03
4.037154616128389890e-03
1.739530803252268935e-03
8.035311279356420217e-04
6.079774375769593639e-04
5.740617415225984831e-04
5.394234830786168514e-04
5.033998759652410669e-04
4.875274437472376004e-04
4.176658540688689110e-04
4.013319324454867596e-04
3.796671950620169223e-04
3.576229691946771361e-04
3.113656883864719281e-04
3.080136668210148483e-04
2.662869061916736928e-04
2.588270908962036977e-04
2.491380530997801463e-04
2.258648211462617635e-04
2.083986456207009635e-04
1.783762878467576611e-04
1.585583210075637334e-04
1.209629246945961877e-04
9.294491695412204432e-05
7.810823119312977679e-05
7.487006414488095527e-05
6.260639627529475404e-05
6.085216587038563629e-05
8.472874812959422697e-06
5.588454537543262882e-06
4.808230378292321927e-06
3.355621296256368355e-06
2.744744825008495772e-06
8.634480587199201048e-07
1.227126559659442111e-07
9.494821940672952016e-10
7.841397330086981599e-12
1.742167708500790886e-12
1.742167708500790886e-12
1.742167708500790886e-12
1.742167708500790886e-12
1.742167708500790886e-12
1.742167708500790886e-12
1.742167708500790886e-12
1.742167708500790886e-12
1.742167708500790886e-12
1.742167708500790886e-12
1.742167708500790886e-12
1.742167708500790886e-12
1.742167708500790886e-12
1.742167708500790886e-12
1.742167708500790886e-12
1.742167708500790886e-12
1.742167708500790886e-12
1.742167708500790886e-12
1.742167708500790886e-12
1.742167708500790886e-12
1.742167708500790886e-12
1.742167708500790886e-12
1.742167708500790886e-12
1.742167708500790886e-12
1.742167708500790886e-12
1.742167708500790886e-12
1.742167708500790886e-12
1.742167708500790886e-12
1.742167708500790886e-12
1.742167708500790886e-12
1.742167708500790886e-12
1.742167708500790886e-12
1.742167708500790886e-12
1.742167708500790886e-12
1.742167708500790886e-12
1.742167708500790886e-12
1.742167708500790886e-12
1.742167708500790886e-12
1.742167708500790886e-12
1.742167708500790886e-12
1.742167708500790886e-12
1.742167708500790886e-12
1.742167708500790886e-12
1.742167708500790886e-12
1.742167708500790886e-12
1.742167708500790886e-12
1.742167708500790886e-12
1.742167708500790886e-12
1.742167708500790886e-12
1.742167708500790886e-12
1.742167708500790886e-12
1.742167708500790886e-12
