2.081007690846141850e+04
5.000667433267598199e+02
1.373582033700702141e+02
1.457918741512416894e+01
7.525402975452091248e+00
1.279161312849112830e+00
4.057155103166401600e-01
1.391505286619182380e-01
4.055235245321873322e-02
1.558733677546344891e-02
7.016440931242461272e-03
4.694104036063133541e-03
2.661784549060958963e-03
7.016559224659750559e-04
2.999695683777783557e-04
2.515675839452100157e-04
1.502424066913793604e-04
1.156813179697925917e-04
1.083168150962585119e-04
1.022112243480605837e-04
9.767750211286205123e-05
9.631665148291753038e-05
9.366662092810979921e-05
9.123605573127025782e-05
8.967929114975710131e-05
8.726192664682278150e-05
8.312752297929945275e-05
8.282978915518696042e-05
8.076330037581415952e-05
7.699327052814277424e-05
7.611109086758700447e-05
7.586395097642561959e-05
7.118675397816814085e-05
6.853463635156022301e-05
6.800904956795239585e-05
6.541923795284130107e-05
6.406804747773015918e-05
6.330332805795645145e-05
6.282363318884502960e-05
6.095387716494609672e-05
6.010886475095420124e-05
5.944447419232336266e-05
5.773783579073168076e-05
5.639629711910014995e-05
5.506954826133993023e-05
5.404643404481980425e-05
5.334850718069536859e-05
5.268687287395290326e-05
5.216306047213594723e-05
5.017981661786323738e-05
4.930931652560050779e-05
4.832616590666063370e-05
4.734316224648096373e-05
4.706639246611490435e-05
4.665813008413535756e-05
4.560944708983016084e-05
4.527399805667152037e-05
4.398607135094912432e-05
4.361158538496275934e-05
4.301928974530040055e-05
4.183355968775352430e-05
4.108285383999498173e-05
4.000039119143517148e-05
3.926163274170054238e-05
3.915843705274869445e-05
3.854205927675301898e-05
3.753650294631140317e-05
3.684423850728174983e-05
3.636925788252429176e-05
3.626222255855171295e-05
3.488890859910550153e-05
3.423336753062808559e-05
3.372534472966639597e-05
3.307801795835305694e-05
3.246234412734281426e-05
3.217068821738631741e-05
3.120063410188661209e-05
3.041853395036049461e-05
3.010409588030648001e-05
2.978138711195545523e-05
2.946646897153520884e-05
2.894057386561214892e-05
2.866676984686888026e-05
2.795538184602510822e-05
2.747671909389711503e-05
2.738989334535522869e-05
2.646507186690277058e-05
2.581898310143485660e-05
2.544225607328686435e-05
2.524594875547291704e-05
2.496836753125632291e-05
2.465653001498329682e-05
2.421832997066329535e-05
2.409688927325309260e-05
2.363916086221931576e-05
2.346879549768595243e-05
2.315179460187235351e-05
2.260943495804869409e-05
2.222538979391400910e-05
2.189558702309544631e-05
