1.763258679102596943e+04
8.834170963897603315e+02
2.799510579918937481e+01
2.444063434255420830e+01
7.827599847341260464e+00
1.562385007441691398e+00
8.928171896876646585e-01
5.447957253881455797e-01
3.965651862197293043e-01
2.768388908871048937e-01
1.723411036967379684e-01
1.676207543440143277e-01
8.131847104899599110e-02
7.197206175056132527e-02
4.818977919133231314e-02
4.631672291760453863e-02
4.168432298713824202e-02
3.620648704175029320e-02
2.652391581164719944e-02
2.299180951832581477e-02
2.026150959119816380e-02
1.858549307041708343e-02
1.478792044342074931e-02
1.232001914879149798e-02
1.184309489941329056e-02
1.044457355386165312e-02
8.264906808540061975e-03
7.418926939013897187e-03
6.617840171685151172e-03
6.107765924377468909e-03
5.855712525172399388e-03
4.510278413765007009e-03
3.970649433821425538e-03
3.814587830379065781e-03
3.503354106331514530e-03
3.266222133943261045e-03
2.933487583589982142e-03
2.749838101613948267e-03
2.287764465401849294e-03
2.188470155318304310e-03
1.814939407151659832e-03
1.727573601857627147e-03
1.635487127484857228e-03
1.576920138817435296e-03
1.494101126590946776e-03
1.366485790994081831e-03
1.277374331044491039e-03
1.160777744610660880e-03
1.078894982074943233e-03
9.922970994397767829e-04
8.965002068101906620e-04
8.345001444307030298e-04
7.622229673190521236e-04
7.099894693174017357e-04
6.744276066058349116e-04
6.501821902014634285e-04
6.214908154061692764e-04
6.049450311765746302e-04
5.052610556993946539e-04
4.727342605744422224e-04
4.434032528571788087e-04
4.223532769670931808e-04
4.096186334159937492e-04
3.901435715976365949e-04
3.656727649059861979e-04
3.631621405556676807e-04
3.495509755215398082e-04
3.305032950726847682e-04
3.240898786186284346e-04
2.902215731078435293e-04
2.649480373935669060e-04
2.609579360340548199e-04
2.493066024927052772e-04
2.435683232523925689e-04
2.254101364505801085e-04
2.130492776112689467e-04
2.088842296546413607e-04
1.954353270972268965e-04
1.872175999049023858e-04
1.785322584311144439e-04
1.717365979444997377e-04
1.632915670900733922e-04
1.551592049551829620e-04
1.471206569199815070e-04
1.428956874617971307e-04
1.295644020021786242e-04
1.258858304470618708e-04
1.245951491962653636e-04
1.176907140303365591e-04
1.152852358411675501e-04
1.107869243423539803e-04
1.083586487367096105e-04
1.067923594928054277e-04
9.907075598245346161e-05
9.648666854730159558e-05
9.094997585599564672e-05
8.972532728109899002e-05
8.855933684053225003e-05
8.780557226162646314e-05
8.701299022261772896e-05
