1.500920504905159760e+04
5.707091365876472082e+02
1.114070995668544555e+02
2.990280933446975808e+01
5.630282954846259180e+00
2.965763415843011952e+00
1.316785641537887797e+00
1.030151940923756948e+00
4.400152303179358793e-01
1.550291948620588778e-01
8.988958766302182490e-02
7.372888007584393888e-02
4.403689087839502553e-02
3.763961458738498272e-02
3.071452056220409441e-02
2.768778219130153470e-02
2.606310272690929089e-02
2.096481146326841655e-02
1.841157652840788236e-02
1.555087546654024787e-02
1.535982034328411960e-02
9.256586642840344131e-03
8.727905209868542027e-03
6.973881024184824633e-03
5.894904673295793540e-03
5.617635080301528611e-03
4.108739434588553653e-03
3.588599728234418990e-03
3.310973400961296758e-03
3.045367848493974947e-03
2.599768949980708812e-03
2.409816249747478295e-03
2.115877460127569675e-03
2.035000305959081338e-03
1.949338245485207144e-03
1.831361567515614030e-03
1.761955386018994926e-03
1.653362688420149463e-03
1.356464391720607491e-03
1.216641288254179066e-03
1.029711953124819298e-03
8.319176951722297283e-04
8.067813203429370856e-04
6.883070567978339955e-04
5.960782546629466491e-04
5.878945742399990229e-04
5.612591799271536216e-04
5.135443698685199275e-04
5.024535856061584363e-04
4.522526468754259929e-04
4.380686694526089698e-04
3.941002902747157608e-04
3.514129442198711843e-04
3.505560503892591944e-04
3.461038202592122272e-04
3.290247709335595303e-04
2.774499581798243629e-04
2.627860203361216088e-04
2.492278777449672897e-04
2.384933673338295544e-04
2.221603051898912902e-04
2.080424935860437528e-04
1.873678448636356458e-04
1.710526733906172082e-04
1.594236849619576043e-04
1.449306449764702456e-04
1.421100992174678798e-04
1.346697143070203469e-04
1.185961407655665759e-04
1.128730229505153776e-04
1.102641336941871501e-04
1.053618186016513588e-04
9.595872591460538181e-05
9.389211005192953932e-05
8.794903260809227316e-05
8.349172199064681054e-05
7.966060492977850341e-05
7.677355133054013247e-05
7.308829371406180906e-05
6.811121577778330826e-05
6.664463919609707422e-05
6.531588692567478365e-05
5.908313856869584128e-05
5.885064610361541383e-05
5.680158429248150463e-05
5.359629978906929452e-05
4.726317919074549167e-05
4.694685855356027770e-05
4.646096147672278164e-05
4.304021642399894236e-05
4.163895570037834973e-05
3.912101990555973802e-05
3.775324957325898689e-05
3.682604789798510765e-05
3.247922022725639903e-05
3.190313177750149086e-05
3.079866826867117289e-05
3.021142764771487393e-05
2.980535546262942057e-05
2.667303528546292323e-05
