2.261980346196099345e+04
2.259056635868427918e+02
1.435437961727037077e+02
7.521277389263916291e+01
1.613319661852823117e+01
5.542999825423777338e+00
3.049646519966306091e+00
2.011871399442225261e+00
1.450956557202200958e+00
1.058029930945943775e+00
7.596950968118868497e-01
6.065905362545854773e-01
4.342781733022923474e-01
3.103704859443579545e-01
2.424619866112417976e-01
1.971035427391723827e-01
1.428231807404362619e-01
1.220811774241452041e-01
1.046996681467451257e-01
8.410289568074701128e-02
6.953003847005420623e-02
6.693390003083234119e-02
4.996974065086921823e-02
4.516051823365823531e-02
4.174623352388902309e-02
3.925956778844055806e-02
3.487884891376445695e-02
3.350316588748832036e-02
3.178626664764754722e-02
2.613315835730550471e-02
2.168639072658150313e-02
2.054863038450897503e-02
1.753663357916504864e-02
1.526420185733825229e-02
1.472077411614029253e-02
1.389957974321734055e-02
1.155391704009824105e-02
9.735595838392480106e-03
9.117021979792677006e-03
8.807186371971285205e-03
7.378633646484895024e-03
6.653170789236581388e-03
6.128256741939052191e-03
5.985162559221325097e-03
5.600089274976806884e-03
5.396843115209754189e-03
5.081952660833038288e-03
4.812182206943988773e-03
4.277230005186495251e-03
4.029086797974936428e-03
3.621025038439450346e-03
3.229782203040936113e-03
2.962638161025292136e-03
2.871703470505459869e-03
2.805340220633533929e-03
2.528570199775482131e-03
2.463241819404344852e-03
2.311317967342729589e-03
2.170453510094784259e-03
1.890722982551776765e-03
1.874362120509049431e-03
1.683033754652226788e-03
1.647415836059154147e-03
1.539093637229782671e-03
1.435463868074933654e-03
1.251740647675010946e-03
1.165658358349523204e-03
1.146019359944921165e-03
1.065604668352108193e-03
9.734295234407161664e-04
9.720050320012228132e-04
9.008345718355626136e-04
8.672774480151906580e-04
8.635400509897746745e-04
8.036852202324829128e-04
7.871422154017772592e-04
7.336293254079386244e-04
7.106803167019481874e-04
6.890218209935858882e-04
6.547702739718499207e-04
6.061772789785070236e-04
5.540446921820330007e-04
5.289703013628515834e-04
5.018559012681495738e-04
4.932233320363381933e-04
4.736943070166460285e-04
4.685421797300345806e-04
4.332117799096404736e-04
3.997781102903385955e-04
3.889896123107259521e-04
3.684051097952377690e-04
3.634675479235356665e-04
3.423359586901549120e-04
3.308355313752740496e-04
3.163103155927257659e-04
2.980283134310892290e-04
2.896382121586670933e-04
2.822621070062762108e-04
2.752863723411973370e-04
2.644849409232456197e-04
