2.075316254520742223e+04
1.206839520039936360e+03
7.767961725239155157e+01
1.940953452427354620e+01
5.740676934037195700e+00
3.418605286453809455e+00
2.299936931527764461e+00
8.102190556866983862e-01
5.905192026425838403e-01
3.887383132922410112e-01
3.151381205125489693e-01
2.204489741242623979e-01
1.146100198721871632e-01
7.758151624892618836e-02
5.213540148131617230e-02
3.504230774933706632e-02
2.895113208909786198e-02
2.181910457636095438e-02
1.961890071830041729e-02
1.375524763984456965e-02
1.101463976449192604e-02
1.091006316633778492e-02
6.858247638015567936e-03
6.307765150510237853e-03
4.884388274161660312e-03
3.710742740657984543e-03
3.372373786272817812e-03
3.217498611453403594e-03
2.483242486573568417e-03
1.737755048567289195e-03
1.535064160062631165e-03
1.506066649768241080e-03
1.261545134295520652e-03
9.750535189030324441e-04
8.243744525715448069e-04
6.323552983076792576e-04
5.705700793590754707e-04
4.752973407970704817e-04
4.413867241377491591e-04
4.124727839818687265e-04
3.654633403495365388e-04
3.367627891788406566e-04
2.672424759690163708e-04
2.347110404502459865e-04
2.187649221453039181e-04
1.802293851642556178e-04
1.704619875592997783e-04
1.575974959672922623e-04
1.341118020915943866e-04
1.093673873424125237e-04
1.067001215220610957e-04
1.039798965946294747e-04
1.023712433076975431e-04
1.015941836674700844e-04
1.013000279426085905e-04
9.667541460638553812e-05
9.341341198517108427e-05
9.248844981180930004e-05
9.201868527268440806e-05
9.147117002563506989e-05
9.075120859561126917e-05
9.011287395559987258e-05
8.957400116653115247e-05
8.945091217128515321e-05
8.902428579676684736e-05
8.875691336206245738e-05
8.828742336862453125e-05
8.801022321232075749e-05
8.767280624059457393e-05
8.710615861485508529e-05
8.700434083366861645e-05
8.674711352670683552e-05
8.662668805954738761e-05
8.625652871041134386e-05
8.619374416627151195e-05
8.578487872278830367e-05
8.533968385428444272e-05
8.518638145951338452e-05
8.502882449902311875e-05
8.496153493240001355e-05
8.446320530382128732e-05
8.434331931787882194e-05
8.399698101935308703e-05
8.386912360464791264e-05
8.367509485727855423e-05
8.353472050566461524e-05
8.325264717899135509e-05
8.315208789932291764e-05
8.309048092834434127e-05
8.292367579333556312e-05
8.262159054796123408e-05
8.254775307054429954e-05
8.240616208178281991e-05
8.213838102835148110e-05
8.198049618928755853e-05
8.182917089984950753e-05
8.162343130378604903e-05
8.145046105985431827e-05
8.114298980237957468e-05
8.105821278559880165e-05
