4.373622356391551307e+02
1.874998983379244066e+01
3.682767376671469250e+00
7.260107407336999774e-01
4.214272231542627867e-01
2.045224675857818808e-01
9.427379452743443744e-02
5.741098847131399091e-02
3.151360733843871359e-02
2.321433393508938459e-02
1.403910794728729580e-02
1.070328864823528493e-02
4.585771297078352141e-03
3.844921427163910856e-03
2.540250541933066972e-03
2.328299743317542320e-03
1.832751231268498794e-03
1.540125083128698631e-03
1.367679235671376411e-03
1.109624795426450211e-03
9.984962883688994813e-04
5.820815816597219331e-04
4.942776119494366512e-04
4.492836979155231990e-04
3.244716407242461244e-04
2.253754930877223080e-04
2.017941295508601514e-04
1.422001839334191824e-04
1.222982902109052343e-04
9.402250999509682828e-05
8.455536458591437544e-05
7.000642111817432871e-05
5.899763218689267657e-05
4.325724193622232697e-05
3.986327784570652626e-05
3.484575849595395483e-05
3.049437241745034963e-05
2.593186538598689922e-05
2.100113698969687328e-05
2.021320104946325901e-05
1.624179293518860159e-05
1.349299378790231947e-05
1.293056414375987958e-05
1.107992296809924843e-05
1.050482490619383854e-05
8.162333383093267906e-06
7.600815795395173848e-06
6.707497221725356373e-06
5.350937485263850140e-06
4.849736255114546207e-06
4.617894612019216439e-06
4.111055381764343203e-06
3.779686254606855805e-06
3.332614695663212523e-06
3.069407881070827516e-06
2.721425216472795469e-06
2.498724086787817532e-06
2.104532850556960030e-06
1.774267437833647112e-06
1.614385130394250858e-06
1.318103912481525664e-06
1.214527310033319252e-06
1.065674960363154397e-06
9.776822280602578040e-07
9.350502517263406081e-07
8.235314926428636250e-07
7.399105140156297939e-07
6.610812153071507179e-07
5.946833717279545421e-07
5.749740657030540172e-07
5.387142190420947211e-07
5.073132877136318425e-07
4.978667339078293242e-07
4.910199048847603586e-07
4.852171581866815225e-07
4.836338331943291884e-07
4.813956582925146575e-07
4.801284904813588452e-07
4.733179829237538476e-07
4.718902744028094962e-07
4.704343393355252894e-07
4.662559508027995833e-07
4.647930894220713860e-07
4.631005423744873132e-07
4.606750373293965178e-07
4.577064106139481025e-07
4.564158669984711546e-07
4.541220508154677526e-07
4.529046681405576843e-07
4.513396716790661430e-07
4.480223481440673920e-07
4.465350823232046654e-07
4.440743444689533992e-07
4.414126343761802550e-07
4.408674262940418593e-07
4.404460882531180090e-07
4.388882386386518262e-07
4.386520484989819656e-07
4.373613298109647990e-07
4.351889515494585478e-07
