1.781364699037620812e+04
3.452551947049145156e+02
1.488162511093208025e+02
2.156821889478903032e+01
1.037148386051214999e+01
4.974922088947133503e+00
2.285972447850233902e+00
1.230065506729903557e+00
6.095975501315024081e-01
5.356324448513711811e-01
3.549791007226351103e-01
1.975191664513176737e-01
9.272941321259151048e-02
7.167063444189838983e-02
5.836581623081619347e-02
4.590127175057825970e-02
2.519050391901937053e-02
2.431714111238475473e-02
1.703430110981661583e-02
1.451999181571610002e-02
1.061173586133653396e-02
8.034212518282277116e-03
6.382867158615023427e-03
4.969479069359313168e-03
4.251524894755449868e-03
3.650007387928583605e-03
2.599264810535496795e-03
2.252819813395318203e-03
1.657002008636936736e-03
1.449593610096522019e-03
1.253862730432503013e-03
1.130731497080149882e-03
8.815943401203541656e-04
7.048527230212287779e-04
6.418963589834781247e-04
4.932580335171908668e-04
3.782178109797394456e-04
3.352024117363615785e-04
2.996378786616236078e-04
2.762743285503295931e-04
2.227346539835635777e-04
1.949892865740526142e-04
1.755674559294847939e-04
1.394333462378766989e-04
1.309389860995297352e-04
1.270154207985679904e-04
1.019745114091207499e-04
7.902482455992437555e-05
7.291356336522951897e-05
6.811380735005276819e-05
6.634264380691628951e-05
5.980079411398163435e-05
4.754597680871411471e-05
4.184596960747607916e-05
4.031776884403222928e-05
3.285140551274066332e-05
2.953452480154114771e-05
2.623436963860149260e-05
2.376496090190284463e-05
2.113886830576734480e-05
1.917320267167054742e-05
1.838497281833098281e-05
1.696009380354908923e-05
1.437569840445179635e-05
1.417443836732542934e-05
1.367543489451755250e-05
1.354576471739733616e-05
1.352092908192409891e-05
1.350624445935575890e-05
1.346185967071724913e-05
1.343209241267545764e-05
1.339280522930998963e-05
1.335967861061320218e-05
1.332336025069896291e-05
1.330798300938910151e-05
1.328428031249409948e-05
1.326732357264327025e-05
1.322650209735290167e-05
1.321734777098830611e-05
1.320227642936414004e-05
1.317193080953559534e-05
1.315977076237081177e-05
1.314688228764225520e-05
1.312635271083173214e-05
1.311955971572152406e-05
1.311173235849076499e-05
1.307493737452675984e-05
1.306293003358096370e-05
1.303748122772809246e-05
1.301412017692878684e-05
1.301122311005172430e-05
1.298679107096797222e-05
1.297737225031002546e-05
1.296350926297912222e-05
1.294611846462022344e-05
1.293874401112454516e-05
1.291233183744550481e-05
1.290395117216129450e-05
1.288686526030114562e-05
1.286853854754253887e-05
