5.519344716389382910e+01
2.478372728146859818e-04
2.906980634111569815e-11
2.150049675571096891e-11
1.958798630810670716e-11
1.576577526157552670e-11
1.497016847253057400e-11
1.491538187155917349e-11
1.451429911898505233e-11
1.445764589736869238e-11
1.434669646723474772e-11
1.431170781931845803e-11
1.425493131737503466e-11
1.396160232156641966e-11
1.383972218817469582e-11
1.380849222214253682e-11
1.354649141957313536e-11
1.346495590972243299e-11
1.345871725094623389e-11
1.340374472932358854e-11
1.332444986968823523e-11
1.323622413767876419e-11
1.310520936984000866e-11
1.299917588156785000e-11
1.298075126256646073e-11
1.290333869773378552e-11
1.281235665511601094e-11
1.268642787025562369e-11
1.262831436884896666e-11
1.254093507078473007e-11
1.250579603113302686e-11
1.245070264725985897e-11
1.236551427571364152e-11
1.226066966663614692e-11
1.221916371853168706e-11
1.220782648865724515e-11
1.208824530774681667e-11
1.207477939660562198e-11
1.200903838220071766e-11
1.195727051563544012e-11
1.189077079949893806e-11
1.183141449302632797e-11
1.166279536178369480e-11
1.164369311893113238e-11
1.161868027942997151e-11
1.153682465721707690e-11
1.152677881111329875e-11
1.142776925211400976e-11
1.139941776110502314e-11
1.136324035564967080e-11
1.126923890229843152e-11
1.123745421074848378e-11
1.122299853347424171e-11
1.110186785272568593e-11
1.105848769226950397e-11
1.098035497092519299e-11
1.097432285020253128e-11
1.094831115007404487e-11
1.079674485339201957e-11
1.075497786958532929e-11
1.073365738237617331e-11
1.066402195944978599e-11
1.063322348375229647e-11
1.055768819226787287e-11
1.051180872964269406e-11
1.049169924009485567e-11
1.047470941670544073e-11
1.036900673546575870e-11
1.032688651653623612e-11
1.028460808705455541e-11
1.018472444361106293e-11
1.016849023553334110e-11
1.008232846030340435e-11
1.005441639321884304e-11
1.003070475072517848e-11
1.002579532010969053e-11
9.864070927801582098e-12
9.859193683191720885e-12
9.778156013029539914e-12
9.709893237987837631e-12
9.704311544539454793e-12
9.589831627831634593e-12
9.511622135619801744e-12
9.493432695142979835e-12
9.311070837697411324e-12
9.266508824174535940e-12
9.236940932524806444e-12
9.161827132994436780e-12
9.146140541578243515e-12
9.049869103019292413e-12
8.985300155753515111e-12
8.839560717597262990e-12
8.664298356997260150e-12
8.621097176427790553e-12
8.573844044156080511e-12
8.447889771991030088e-12
8.327906443767811415e-12
8.202718614799583122e-12
8.175452484428198644e-12
7.886508529008901398e-12
