9.146073985796494981e+02
2.083715484317342970e+01
2.407763417290517875e-05
1.832899973236188515e-05
1.308359080384655963e-05
1.233342607525408043e-05
1.070623443640047386e-05
1.000570510585249966e-05
9.127257219922430502e-06
8.848786642940808305e-06
8.071776376472677647e-06
7.256793206332985429e-06
6.122820037280248268e-06
5.853842194181585366e-06
4.958523752660828654e-06
4.517001825777740852e-06
3.681875158666989050e-06
3.274634956292691513e-06
2.690034746771451898e-06
8.466778119506608198e-07
9.138112253189800809e-14
9.138112253189800809e-14
9.138112253189800809e-14
9.138112253189800809e-14
9.138112253189800809e-14
9.138112253189800809e-14
9.138112253189800809e-14
9.138112253189800809e-14
9.138112253189800809e-14
9.138112253189800809e-14
9.138112253189800809e-14
9.138112253189800809e-14
9.138112253189800809e-14
9.138112253189800809e-14
9.138112253189800809e-14
9.138112253189800809e-14
9.138112253189800809e-14
9.138112253189800809e-14
9.138112253189800809e-14
9.138112253189800809e-14
9.138112253189800809e-14
9.138112253189800809e-14
9.138112253189800809e-14
9.138112253189800809e-14
9.138112253189800809e-14
9.138112253189800809e-14
9.138112253189800809e-14
9.138112253189800809e-14
9.138112253189800809e-14
9.138112253189800809e-14
9.138112253189800809e-14
9.138112253189800809e-14
9.138112253189800809e-14
9.138112253189800809e-14
9.138112253189800809e-14
9.138112253189800809e-14
9.138112253189800809e-14
9.138112253189800809e-14
9.138112253189800809e-14
9.138112253189800809e-14
9.138112253189800809e-14
9.138112253189800809e-14
9.138112253189800809e-14
9.138112253189800809e-14
9.138112253189800809e-14
9.138112253189800809e-14
9.138112253189800809e-14
9.138112253189800809e-14
9.138112253189800809e-14
9.138112253189800809e-14
9.138112253189800809e-14
9.138112253189800809e-14
9.138112253189800809e-14
9.138112253189800809e-14
9.138112253189800809e-14
9.138112253189800809e-14
9.138112253189800809e-14
9.138112253189800809e-14
9.138112253189800809e-14
9.138112253189800809e-14
9.138112253189800809e-14
9.138112253189800809e-14
9.138112253189800809e-14
9.138112253189800809e-14
9.138112253189800809e-14
9.138112253189800809e-14
9.138112253189800809e-14
9.138112253189800809e-14
9.138112253189800809e-14
9.138112253189800809e-14
9.138112253189800809e-14
9.138112253189800809e-14
9.138112253189800809e-14
9.138112253189800809e-14
9.138112253189800809e-14
9.138112253189800809e-14
9.138112253189800809e-14
9.138112253189800809e-14
9.138112253189800809e-14
9.138112253189800809e-14
