1.564708361349223367e+02
3.564816959750626957e+00
4.766265363381821187e-05
2.756801044348194314e-05
2.446207591991855933e-05
2.304687676156442488e-05
1.937191645239446996e-05
1.584054881910777177e-05
1.532825571389751868e-05
1.409948505202837883e-05
1.182360840388498580e-05
1.032199790322678051e-05
7.585614772887888378e-06
6.990369592602524012e-06
6.206761604672384569e-06
5.642727435294759720e-06
4.859536224538544313e-06
3.715795595635120838e-06
2.822235384508107413e-06
1.002244836670161588e-06
4.075058587628240761e-13
3.903876846571534494e-13
3.790255471506280565e-13
3.613195144521754176e-13
3.502452096939130210e-13
3.487265129584324172e-13
3.453808725115489916e-13
3.290663885407015712e-13
3.106795860589819119e-13
3.096668526405493182e-13
2.974640613661400541e-13
2.878183398395118659e-13
2.855955322657463994e-13
2.756405012717275481e-13
2.407245167079041146e-13
2.400153669061009433e-13
2.291517542974564634e-13
2.224453436060347925e-13
1.810548157927469665e-13
1.799709860462525191e-13
1.686381057593948002e-13
1.581023855472348257e-13
1.545064324418894618e-13
1.418402992404578370e-13
1.389740199674725722e-13
1.388596977515881224e-13
1.241621435322845872e-13
1.071583182896620829e-13
9.398109067464611457e-14
8.070037869385204477e-14
7.072711494789342811e-14
6.946075517634118220e-14
6.684218802683439067e-14
5.850538359054894726e-14
5.438936456285763591e-14
4.386538986071447473e-14
3.325908301288572371e-14
2.877115126946480155e-14
1.563353405420122854e-14
1.563353405420122854e-14
1.563353405420122854e-14
1.563353405420122854e-14
1.563353405420122854e-14
1.563353405420122854e-14
1.563353405420122854e-14
1.563353405420122854e-14
1.563353405420122854e-14
1.563353405420122854e-14
1.563353405420122854e-14
1.563353405420122854e-14
1.563353405420122854e-14
1.563353405420122854e-14
1.563353405420122854e-14
1.563353405420122854e-14
1.563353405420122854e-14
1.563353405420122854e-14
1.563353405420122854e-14
1.563353405420122854e-14
1.563353405420122854e-14
1.563353405420122854e-14
1.563353405420122854e-14
1.563353405420122854e-14
1.563353405420122854e-14
1.563353405420122854e-14
1.563353405420122854e-14
1.563353405420122854e-14
1.563353405420122854e-14
1.563353405420122854e-14
1.563353405420122854e-14
1.563353405420122854e-14
1.563353405420122854e-14
1.563353405420122854e-14
1.563353405420122854e-14
1.563353405420122854e-14
1.563353405420122854e-14
1.563353405420122854e-14
1.563353405420122854e-14
1.563353405420122854e-14
1.563353405420122854e-14
1.563353405420122854e-14
