1.763258679102596943e+04
8.834170963897603315e+02
2.799510579918879571e+01
2.444063434255353329e+01
7.827599847340911410e+00
1.562385007439400786e+00
8.928171896855283673e-01
5.447957253885536977e-01
3.965651862228345426e-01
2.768388908872316811e-01
1.723411036985158240e-01
1.676207543438666681e-01
8.131847105074008208e-02
7.197206175080843316e-02
4.818977918675320521e-02
4.631672291774471123e-02
4.168432298760536142e-02
3.620648704211972685e-02
2.652391580966916018e-02
2.299180951071407367e-02
2.026150959018712186e-02
1.858549306972056767e-02
1.478792044447828705e-02
1.232001914760823269e-02
1.184309489556587686e-02
1.044457355216841729e-02
8.264906811671716633e-03
7.418926934159048893e-03
6.617840171397331925e-03
6.107765923495632639e-03
5.855712525846680332e-03
4.510278414337521267e-03
3.970649434148216216e-03
3.814587830406988324e-03
3.503354113784898360e-03
3.266222134231019578e-03
2.933487583718288362e-03
2.749838109528549533e-03
2.287764460972528235e-03
2.188470156678396471e-03
1.814939409442017622e-03
1.727573600686398885e-03
1.635487126953159278e-03
1.576920139140315690e-03
1.494101127895407222e-03
1.366485786046259948e-03
1.277374333684864853e-03
1.160777744887146745e-03
1.078894989341021814e-03
9.922970973490713529e-04
8.965002058258958765e-04
8.345001465108526674e-04
7.622229663449839668e-04
7.099894690868773688e-04
6.744276061083457089e-04
6.501821882303859389e-04
6.214908136803258499e-04
6.049450331631662939e-04
5.052610536075768325e-04
4.727342604222823080e-04
4.434032527170484426e-04
4.223532792469117674e-04
4.096186289191118784e-04
3.901435732514288782e-04
3.656727670276772044e-04
3.631621399774802262e-04
3.495509739322066509e-04
3.305033025676592986e-04
3.240898753972228162e-04
2.902215749080466907e-04
2.649480382809728859e-04
2.609579403042559830e-04
2.493065977905638232e-04
2.435683225895476814e-04
2.254101372596758188e-04
2.130492802782317074e-04
2.088842227104834926e-04
1.954353255029335685e-04
1.872175907588271584e-04
1.785322607236368984e-04
1.717365941025199435e-04
1.632915668633101497e-04
1.551592049977780128e-04
1.471206597418308693e-04
1.428956894580215241e-04
1.295643988528608222e-04
1.258858305086501650e-04
1.245951464618817348e-04
1.176907131887299353e-04
1.152852355772298069e-04
1.107869239377563331e-04
1.083586432119704429e-04
1.067923623496460869e-04
9.907075590076537379e-05
9.648666778344663322e-05
9.094997465742125811e-05
8.972532400347842411e-05
8.855934054067679734e-05
8.780557704643475491e-05
8.701298431351066299e-05
