2.261980346196112077e+04
2.259056635866697036e+02
1.435437961725759806e+02
7.521277389245184963e+01
1.613319661849861575e+01
5.542999825463570396e+00
3.049646520073342248e+00
2.011871399547480621e+00
1.450956557245724365e+00
1.058029930808602082e+00
7.596950969587207281e-01
6.065905363405960093e-01
4.342781732411330475e-01
3.103704860570987711e-01
2.424619866273106661e-01
1.971035428565400816e-01
1.428231807105710405e-01
1.220811774472579936e-01
1.046996680662483081e-01
8.410289558833383694e-02
6.953003823703356179e-02
6.693390005361711526e-02
4.996974064138864219e-02
4.516051828328117301e-02
4.174623351908726687e-02
3.925956792103814375e-02
3.487884895849132499e-02
3.350316579407465467e-02
3.178626660186241459e-02
2.613315845760829162e-02
2.168639071485894618e-02
2.054863028233883809e-02
1.753663357762235211e-02
1.526420188107477892e-02
1.472077412762602677e-02
1.389957982689716230e-02
1.155391701795860197e-02
9.735595817727484350e-03
9.117021930288333673e-03
8.807186332010222968e-03
7.378633351141895835e-03
6.653170838672659015e-03
6.128256750466389881e-03
5.985162686764218011e-03
5.600089153632233606e-03
5.396843177495594737e-03
5.081952708141939876e-03
4.812182195227170285e-03
4.277230001703127144e-03
4.029086646741553840e-03
3.621024958031233369e-03
3.229782198068628825e-03
2.962638158269590653e-03
2.871703494903277837e-03
2.805340344741295323e-03
2.528570218065621933e-03
2.463241784026131906e-03
2.311317924610154298e-03
2.170453414137547311e-03
1.890722939449508699e-03
1.874362083020220332e-03
1.683033739761121512e-03
1.647415914636986538e-03
1.539093566347645705e-03
1.435464036152463629e-03
1.251740576530279130e-03
1.165658442769305133e-03
1.146019237317309758e-03
1.065604832834553652e-03
9.734295045707885190e-04
9.720049555717372430e-04
9.008345322935103639e-04
8.672774851863711797e-04
8.635399679919827671e-04
8.036853357832210529e-04
7.871422013672603295e-04
7.336293132503002301e-04
7.106803779762857877e-04
6.890218026879286594e-04
6.547702715469644330e-04
6.061772295330898619e-04
5.540447071694615082e-04
5.289703124844773391e-04
5.018559494869392120e-04
4.932232741288099199e-04
4.736943071428628823e-04
4.685422571442603807e-04
4.332118031143926667e-04
3.997780508046035728e-04
3.889895512925017874e-04
3.684051011657705653e-04
3.634673907489767626e-04
3.423359526627369268e-04
3.308355037375843868e-04
3.163103346610047313e-04
2.980283778888423831e-04
2.896382572184795284e-04
2.822620546863645156e-04
2.752861861169270661e-04
2.644848628351713642e-04
