1.500920504905160305e+04
5.707091365876465261e+02
1.114070995668485864e+02
2.990280933446940637e+01
5.630282954852981803e+00
2.965763415841321748e+00
1.316785641535276108e+00
1.030151940924090903e+00
4.400152303182330304e-01
1.550291948620493021e-01
8.988958766579357995e-02
7.372888007409521272e-02
4.403689087999365648e-02
3.763961458822420031e-02
3.071452055855516602e-02
2.768778219035065991e-02
2.606310272670043712e-02
2.096481146331956660e-02
1.841157652491341723e-02
1.555087546384676354e-02
1.535982034280810454e-02
9.256586644249966550e-03
8.727905208431111991e-03
6.973881021943007658e-03
5.894904671417933693e-03
5.617635081062990685e-03
4.108739435579588165e-03
3.588599732032212233e-03
3.310973399590978403e-03
3.045367848853276511e-03
2.599768952769899132e-03
2.409816247702635701e-03
2.115877460728458372e-03
2.035000304881406496e-03
1.949338246816946117e-03
1.831361568387943582e-03
1.761955387260685920e-03
1.653362686709830293e-03
1.356464391756312220e-03
1.216641287304514891e-03
1.029711953598275425e-03
8.319176958531454471e-04
8.067813206222458882e-04
6.883070573548590162e-04
5.960782571751224463e-04
5.878945810746955686e-04
5.612591809279103908e-04
5.135443657070386551e-04
5.024535872517640715e-04
4.522526476818822944e-04
4.380686690268652196e-04
3.941002860143202305e-04
3.514129459883415913e-04
3.505560532252097444e-04
3.461038167630434864e-04
3.290247710493943894e-04
2.774499599000455506e-04
2.627860194563170246e-04
2.492278808659765458e-04
2.384933714704175450e-04
2.221603069129556083e-04
2.080424949152086668e-04
1.873678460382054731e-04
1.710526721690583027e-04
1.594236850870656445e-04
1.449306415859639183e-04
1.421100998079851253e-04
1.346697105142766399e-04
1.185961413709397087e-04
1.128730232320768542e-04
1.102641324851066121e-04
1.053618232664693156e-04
9.595872366008517576e-05
9.389210978657172167e-05
8.794903419952318545e-05
8.349172000804560710e-05
7.966059443791175573e-05
7.677355128757313261e-05
7.308829246441160478e-05
6.811120929094567058e-05
6.664463700311924635e-05
6.531588810701530439e-05
5.908314262099194440e-05
5.885065212088223102e-05
5.680159069251704902e-05
5.359630019258026617e-05
4.726317681092150622e-05
4.694685709192774557e-05
4.646095591033510560e-05
4.304021368649459345e-05
4.163895839922113337e-05
3.912101975501685691e-05
3.775325033394614089e-05
3.682604636389251186e-05
3.247921935963987353e-05
3.190313617353330824e-05
3.079866643912653265e-05
3.021142912923889740e-05
2.980535624822629566e-05
2.667303972325471852e-05
