1.849761424563902619e+04
1.014273780638487779e+03
8.086189815672187251e+02
1.000452207735173999e+02
5.307788367421823494e+01
2.788887509339585691e+01
2.336990963125366250e+01
7.200772110863914222e+00
5.580398427893009661e+00
3.914680308983584212e+00
2.491874759153414054e+00
1.404595881613295960e+00
1.059111087399975171e+00
9.081008473668709113e-01
7.542450871641338539e-01
3.505031093107643936e-01
2.554129631778023213e-01
1.922653633825490149e-01
1.806935583150903468e-01
1.306431970819688093e-01
1.060198771679919105e-01
8.770115517674099970e-02
7.768844960453717696e-02
6.045989610123373575e-02
5.081928184137877308e-02
4.448964598702929985e-02
3.793557503330874381e-02
3.388570554421908160e-02
3.085257225349246832e-02
2.848724250719408477e-02
2.677615166457437273e-02
2.275119558551698395e-02
2.125434608362923583e-02
1.825075886679373288e-02
1.673238321016781369e-02
1.508756139683480046e-02
1.430502292443254671e-02
1.153906297647418200e-02
1.009901883792501537e-02
8.670342690313335293e-03
7.879929689255542324e-03
6.990585414148437447e-03
6.498701110282513113e-03
6.035008244171536848e-03
5.204204018318231949e-03
4.968583778964796686e-03
4.196389877185117967e-03
3.852548222549738964e-03
3.622050546582664902e-03
3.199143133731566398e-03
3.025012015566501747e-03
2.955224774943971625e-03
2.728993436984422909e-03
2.506168464189157188e-03
2.202056023288982700e-03
2.098471929326562509e-03
1.981892410364887759e-03
1.718123693706727481e-03
1.686348324754726206e-03
1.574049654612753651e-03
1.462204816993558460e-03
1.397343535412702781e-03
1.338475632302220993e-03
1.267618696353074248e-03
1.180556678503251770e-03
1.074442403951393057e-03
9.532067925716268802e-04
9.200582001999086995e-04
8.238880102579178299e-04
7.712723047778270377e-04
7.133199386595614469e-04
6.655129230530020283e-04
6.009966043723342054e-04
5.815533629129767497e-04
5.267022190820201981e-04
5.182692185422560363e-04
4.724469240192304435e-04
4.585064217910240548e-04
4.363596451842254227e-04
4.093949622677364036e-04
3.902841288670094765e-04
3.884169155096660591e-04
3.474678058727121072e-04
3.206832973020762334e-04
2.937740715189482714e-04
2.870509370870691942e-04
2.652156323937995591e-04
2.533444595574912018e-04
2.353744856311341287e-04
2.260722668799519078e-04
2.208550591316225031e-04
1.865070985306870087e-04
1.853379995940785351e-04
1.763330075403060605e-04
1.742139293731831417e-04
1.583398529836348048e-04
1.574036351618674618e-04
1.380324982203204776e-04
1.359851376159636074e-04
1.309638262167706719e-04
