1.590537550534488219e+04
1.784913238446200012e+03
2.398963371248898682e+02
5.588217536487042736e+01
4.079132458675719874e+01
1.836769407239454566e+01
1.208737577572082067e+01
6.063775156111443465e+00
4.342476858341066226e+00
2.789469860678996493e+00
2.613949619005753178e+00
1.414607416582095878e+00
8.531443058324913453e-01
7.283036502959873149e-01
4.686379070841923955e-01
3.894557740499463017e-01
2.778325405999141906e-01
2.668737602860086211e-01
2.114765757128755641e-01
1.821661620550567573e-01
1.715047574470171809e-01
1.318673873624139348e-01
9.166799491173588388e-02
8.891155879309439736e-02
7.134754916868522867e-02
6.885238074859381663e-02
6.606597674817017707e-02
5.779442823610072416e-02
5.084699050796548381e-02
4.289198283585111959e-02
3.722163301059159407e-02
3.592085358032491571e-02
3.307652900672889557e-02
3.115234978980548075e-02
2.790616573614394455e-02
2.153620027290178637e-02
2.043224176411748486e-02
1.962398168516526695e-02
1.774179532144252308e-02
1.524128607736618436e-02
1.444818790755654676e-02
1.107895275383547797e-02
1.079138462254916955e-02
9.770976305672128895e-03
8.859122369910852474e-03
7.937828397090380614e-03
7.587233108122510596e-03
6.838858809718373691e-03
6.443036630808748194e-03
6.195511679340562003e-03
5.831087654853536403e-03
5.462829317922642848e-03
4.985644724218345897e-03
4.748292185702655821e-03
4.407052571760958735e-03
3.938644050740978085e-03
3.852604992806238620e-03
3.252011748021432953e-03
3.160418279245711098e-03
2.991930332527057389e-03
2.916925810430332985e-03
2.745255006338100882e-03
2.661116073932635884e-03
2.428258723766286899e-03
2.247004124282646603e-03
2.073473665014004957e-03
1.984604625368994926e-03
1.812732760412097714e-03
1.707528502898125527e-03
1.546717563573373703e-03
1.484893884498759758e-03
1.446513235503030237e-03
1.318585187355507133e-03
1.280889445204416634e-03
1.211415320510476857e-03
1.143651332890248222e-03
1.044771624630919798e-03
9.700708493480764225e-04
8.827900652201796762e-04
8.470262081653989446e-04
8.002085743341502862e-04
7.520496003292247763e-04
7.002988560146726884e-04
6.734746644277395762e-04
6.364344409753353070e-04
5.883135368161779115e-04
5.509923152410703753e-04
5.232330716887094490e-04
5.123578957017929690e-04
4.884246579467460200e-04
4.428236880426760142e-04
4.297668381909554368e-04
4.082703565778327643e-04
3.866855771669069344e-04
3.771828602353193872e-04
3.736749802338554033e-04
3.604101439652978808e-04
3.321599217808126519e-04
3.269014666763345590e-04
3.192648013162904873e-04
