2.435208354233993305e+04
4.515196258999030761e+03
3.261680136141541198e+02
1.663796048987047413e+02
5.411851984422661843e+01
5.157800996975687013e+01
2.257259144023158370e+01
1.073232061477583521e+01
5.867166382745705455e+00
3.911984231600758921e+00
1.896459275209111839e+00
1.708266897639747484e+00
1.332818986631233438e+00
1.150468763831936192e+00
7.932401581995789375e-01
7.213354487272867210e-01
6.420440365465154287e-01
4.757277868609894322e-01
3.471338590917820710e-01
2.455941878504354081e-01
2.281303537880993715e-01
1.894547635271325581e-01
1.399237169992172958e-01
1.277029543973211001e-01
1.053186543118140445e-01
8.577920468388525177e-02
8.022320542462724191e-02
7.318735191181105493e-02
7.014369983289786559e-02
5.561893742362979121e-02
5.408223429898932622e-02
4.622763633916445597e-02
4.228960609657862746e-02
4.083082341187117825e-02
3.524199133969032477e-02
3.388707775914779480e-02
3.183774716022636647e-02
3.104838465628719651e-02
2.698273049793487727e-02
2.378860900402797462e-02
1.966228664369962936e-02
1.836008678915136000e-02
1.787955433957214360e-02
1.666485151340178078e-02
1.408835434716901834e-02
1.382820154452800085e-02
1.217194118977626104e-02
1.055041823681243142e-02
9.567190774999206893e-03
8.820111666718312773e-03
8.041846161223923165e-03
7.494265530375406742e-03
7.057364057292582135e-03
6.100282554108081741e-03
6.021971364511771556e-03
5.975891102225851584e-03
5.674662153045510748e-03
5.178895787348794001e-03
5.073820073853835093e-03
4.897432311689453935e-03
4.491923786750431392e-03
4.146904411017221861e-03
3.938534249010356217e-03
3.675043744551739940e-03
3.505905291412276387e-03
3.355187880483086540e-03
3.071265781495927973e-03
2.983134284902811979e-03
2.901639854014961308e-03
2.685212377167894762e-03
2.553122286277402508e-03
2.333242306634680449e-03
2.284027998799040542e-03
2.169697642073352764e-03
2.136082891479827543e-03
1.954624167263642031e-03
1.883029556062374571e-03
1.754037522914156377e-03
1.656903308062150811e-03
1.557585920667865081e-03
1.522490452728749713e-03
1.451425462508159486e-03
1.435116616418083413e-03
1.298986179739813115e-03
1.227093254909953452e-03
1.176356404552680781e-03
1.072491160298238945e-03
1.002315636757809608e-03
9.658861003764194174e-04
9.060128143420225107e-04
8.809958502112556506e-04
8.525559329042696347e-04
8.163267997539419216e-04
7.659957452896989883e-04
7.536243654068075070e-04
7.297315699602232881e-04
6.811925091491002199e-04
6.512359954688832228e-04
6.021779728761954753e-04
5.979341237180019327e-04
